55.226
1.755
42.878
51.873
78.635
42.170
28.804
30.749
79.416
54.455
229.841
224.135
129.519
83.924
28.724
79.633
13.960
259.095
73.242
30.530
39.545
66.885
14.594
199.141
220.071
13.955
1.174
99.911
414.874
115.624
3.344
156.648
92.668
77.706
0.862
10.700
77.546
86.222
115.811
113.540
72.242
36.544
34.958
56.298
90.380
24.320
14.706
145.642
80.362
130.819
28.349
128.709
77.852
15.404
66.629
28.718
44.019
41.316
42.572
79.238
7.297
168.423
31.734
28.042
158.460
204.009
152.253
173.446
1.974
36.132
72.280
78.479
321.297
123.456
258.833
13.760
18.895
132.051
297.221
9.147
141.553
21.868
291.029
3.484
41.084
42.595
103.716
118.494
66.155
12.113
94.311
157.586
184.342
19.194
211.244
64.683
127.110
43.505
61.540
10.794
12.658
188.861
5.639
11.843
57.662
13.668
21.279
20.359
39.598
34.077
14.350
20.850
91.231
131.441
80.113
95.435
219.407
151.520
63.060
18.862
167.702
6.242
66.793
401.646
7.485
123.768
40.840
47.655
3.777
30.740
115.811
31.734
32.639
161.356
103.735
49.961
32.659
138.162
96.818
24.611
50.274
62.877
0.575
13.536
301.030
74.485
19.294
103.711
96.632
8.757
81.854
70.790
1.657
16.280
120.563
96.008
23.900
56.642
19.102
17.123
3.484
46.156
3.226
80.132
73.947
18.297
40.900
193.011
97.620
38.197
51.181
100.139
154.055
74.485
38.284
6.056
186.522
9.804
67.266
152.253
27.541
2.210
21.279
137.319
80.083
5.345
74.173
46.342
4.050
93.089
258.557
76.784
20.432
178.101
68.010
14.791
10.201
33.216
6.136
5.102
65.847
18.056
180.014
138.595
29.402
126.856
104.178
3.128
79.031
178.691
9.025
50.332
49.667
11.843
145.431
35.552
32.151
36.030
63.917
64.698
1.451
79.633
97.412
113.068
21.895
188.908
18.302
92.999
144.096
58.580
10.390
72.835
151.221
106.188
29.230
59.889
36.831
6.819
63.342
25.211
32.489
84.309
22.152
104.155
66.529
47.446
117.053
43.342
61.302
21.868
0.576
105.241
24.190
4.308
187.828
47.738
83.449
43.169
258.833
358.893
3.344
31.589
67.848
282.671
92.604
55.550
6.395
49.102
55.829
262.451
17.579
17.011
168.423
122.970
366.206
47.589
16.501
34.087
37.311
137.713
36.056
3.714
128.929
21.737
33.024
7.552
36.329
25.434
127.534
79.662
54.024
13.265
1.974
17.157
96.049
53.216
35.002
7.308
145.450
0.254
17.196
9.401
221.003
147.009
45.521
118.978
123.432
27.296
64.015
103.716
56.203
48.352
21.077
170.488
192.808
44.088
27.296
43.138
32.527
79.354
3.973
123.188
78.025
34.918
65.586
21.701
35.039
9.657
32.184
40.990
1.174
129.612
52.545
37.809
42.218
23.542
27.703
3.464
117.212
44.548
13.688
230.035
215.274
196.604
61.560
128.327
52.742
9.265
132.179
78.479
44.697
321.143
13.356
42.324
3.420
91.927
28.252
50.003
151.913
24.098
37.664
205.825
70.790
125.986
107.882
174.619
26.867
44.997
27.755
77.706
183.801
185.182
37.234
21.216
5.697
7.288
63.951
22.018
249.820
127.882
222.266
80.961
62.085
33.038
115.506
88.928
6.298
93.743
178.348
0.642
2.624
27.229
293.026
214.201
19.128
73.494
7.308
117.263
3.823
1.744
36.189
4.594
50.332
22.259
20.898
46.373
84.880
13.232
117.660
4.781
131.139
77.706
96.632
54.745
206.934
65.744
177.270
30.574
171.210
83.643
42.591
291.915
138.340
56.040
14.991
65.663
1.399
4.441
247.426
20.359
0.454
24.132
26.867
91.516
9.417
101.493
37.117
103.851
158.727
38.511
157.540
177.456
96.998
0.459
43.570
21.863
40.003
227.934
46.089
23.462
19.608
4.949
28.706
152.391
12.017
151.066
31.537
10.291
43.131
66.529
136.443
193.011
88.566
110.002
179.808
18.834
66.834
25.373
81.400
37.117
41.006
170.239
128.995
43.505
31.012
178.348
38.331
53.430
119.657
2.437
56.937
167.128
37.234
62.696
31.286
22.280
358.076
23.498
14.228
92.359
180.300
138.595
21.854
71.669
8.795
3.034
82.137
1.241
42.779
213.780
272.463
92.889
66.885
138.576
177.959
4.393
148.730
41.006
224.135
103.653
157.586
103.711
23.375
104.895
25.546
88.358
3.900
80.083
72.826
250.111
207.199
23.994
154.055
6.723
65.744
22.149
79.662
230.900
31.045
38.307
41.251
47.738
193.663
6.297
38.892
17.269
20.850
34.846
67.131
112.671
4.586
60.794
185.823
20.874
142.957
15.582
16.240
149.076
157.663
43.063
72.038
69.029
36.189
44.859
204.639
92.848
4.956
258.557
81.514
35.817
126.559
153.669
78.924
258.833
17.248
256.876
72.892
9.854
96.992
84.551
151.913
116.386
22.333
66.481
75.295
34.846
30.654
33.734
56.527
55.118
321.297
77.137
59.809
196.416
163.393
54.844
91.686
80.625
34.079
170.239
227.364
16.560
36.329
16.603
5.243
193.692
104.703
40.003
22.957
16.299
135.913
124.617
17.807
70.214
55.909
427.455
19.497
3.667
158.460
51.653
99.503
4.017
220.071
25.268
62.519
107.843
398.167
109.779
12.796
93.089
129.612
109.277
5.196
65.444
18.648
111.377
163.930
175.682
83.971
34.095
10.490
69.401
20.359
90.481
94.901
247.471
90.380
6.210
44.569
79.686
90.831
18.952
39.598
65.564
50.989
198.924
16.306
151.468
19.719
29.187
26.382
80.876
13.356
20.637
73.856
3.344
5.212
1.156
41.198
12.583
1.329
208.963
79.633
81.514
35.460
62.277
258.644
27.507
25.400
38.594
153.949
136.828
102.837
109.707
229.841
261.137
99.449
258.868
128.929
25.268
0.572
26.686
51.834
28.804
50.747
161.921
13.275
36.522
97.412
16.144
86.015
30.447
59.452
100.865
346.159
62.165
98.938
37.659
41.128
87.432
3.686
21.216
155.560
207.098
7.565
159.774
215.706
7.728
24.891
36.895
16.536
34.471
59.452
43.169
4.487
90.795
63.299
165.196
73.034
168.245
166.093
36.275
150.934
44.938
49.165
4.749
109.707
8.501
29.939
73.957
110.226
9.172
118.494
25.171
38.181
40.003
222.266
7.455
39.422
68.093
25.239
35.460
146.743
7.712
100.329
16.132
69.416
10.567
207.330
145.570
142.362
66.117
64.683
91.136
150.366
10.490
49.989
84.309
38.787
74.514
69.029
80.445
162.706
100.695
211.388
65.741
90.473
6.230
9.070
23.554
31.045
38.787
217.538
37.702
50.194
59.889
172.316
124.390
8.551
14.551
78.576
3.079
2.831
2.252
157.586
54.760
47.047
9.151
19.319
56.674
24.039
27.847
166.126
25.018
16.077
19.613
87.581
118.724
34.928
158.727
66.155
17.534
27.755
40.270
109.044
113.796
9.025
2.624
95.646
25.843
124.252
5.345
161.859
13.291
49.818
128.327
35.098
22.212
165.937
47.589
38.018
59.084
58.862
21.389
25.018
1.657
74.422
15.582
146.646
69.293
173.876
50.332
100.653
60.740
10.269
132.890
28.799
11.168
33.337
86.770
219.407
23.712
275.918
126.498
56.550
63.493
103.512
90.298
153.669
9.151
67.986
14.304
336.954
25.239
125.969
6.350
14.304
73.814
46.156
120.312
8.984
63.951
16.359
45.630
125.188
137.531
84.208
2.443
404.201
21.765
6.021
15.883
6.696
45.172
17.274
15.883
125.969
116.570
115.811
66.155
180.639
21.389
170.627
150.429
53.772
176.832
3.052
2.686
243.154
199.506
7.734
54.406
301.214
62.455
91.667
22.149
36.712
214.101
179.168
171.210
214.879
11.641
114.096
133.363
115.225
160.318
45.964
20.574
27.442
81.400
40.786
66.421
35.609
14.820
10.529
360.629
116.649
8.176
138.576
74.958
13.275
80.118
17.269
0.624
30.654
83.924
14.508
43.505
27.869
39.800
179.590
38.876
85.981
0.876
34.918
26.951
31.253
29.850
20.452
117.740
37.618
114.096
132.406
137.284
33.368
13.512
52.019
153.552
60.808
106.798
26.549
134.821
6.442
48.747
89.674
3.737
119.680
40.416
109.858
65.451
261.137
40.786
0.642
3.052
60.271
122.337
142.115
187.267
39.334
54.658
51.348
35.046
61.651
128.995
87.460
13.310
80.025
82.537
96.366
38.511
12.701
19.606
2.123
74.485
26.844
74.497
137.531
39.302
59.452
202.935
83.157
170.965
12.806
53.792
144.436
61.052
3.249
243.154
30.441
42.324
285.993
154.880
171.596
145.372
26.861
55.829
91.686
213.780
109.277
125.547
11.843
27.703
70.919
1.744
26.549
50.901
13.681
153.669
192.487
23.412
13.961
72.718
46.125
19.400
151.330
150.874
177.270
58.884
94.875
119.996
58.684
30.441
34.938
23.462
82.412
109.600
151.431
146.700
36.329
78.197
122.337
36.540
244.349
46.054
249.126
13.961
56.674
31.870
60.221
67.986
308.261
109.277
23.506
12.975
137.967
14.857
84.880
45.521
15.394
126.250
153.961
275.132
7.038
41.291
54.906
9.177
70.973
452.613
32.235
80.118
23.967
24.151
39.346
132.005
13.310
49.473
59.889
30.036
22.954
49.477
6.756
62.916
20.803
22.027
16.247
39.348
4.582
43.116
15.200
8.572
111.010
3.796
28.157
34.229
148.261
81.552
23.950
35.146
120.312
92.751
1.449
9.479
173.876
41.128
79.840
95.435
12.124
48.235
222.836
113.849
48.352
107.587
71.810
196.212
90.165
28.270
104.632
214.900
2.984
68.270
163.589
133.108
323.573
14.820
150.769
297.221
3.835
102.837
124.302
39.999
84.880
37.465
105.315
143.366
70.805
28.333
37.293
21.609
415.675
53.517
37.093
8.812
95.183
14.021
110.002
76.942
44.548
61.540
9.114
39.765
8.795
62.202
45.249
14.549
346.159
201.711
157.868
16.535
176.866
15.305
77.352
12.271
90.481
258.354
48.235
4.156
5.149
34.918
207.098
27.949
84.112
321.297
18.862
254.730
70.353
20.105
249.126
14.298
3.424
23.712
23.779
17.693
3.464
0.827
130.541
31.916
30.667
124.705
149.138
114.747
173.109
28.638
81.024
85.319
92.331
11.752
225.324
19.062
3.507
16.764
17.693
26.604
89.613
52.092
83.558
80.025
330.985
188.861
87.664
22.018
41.014
88.566
125.799
2.624
104.914
121.537
146.967
6.102
56.475
130.819
17.807
6.364
17.269
345.096
227.513
7.245
124.906
2.839
17.534
20.574
224.517
16.521
9.293
1.903
25.434
133.336
141.611
144.806
185.182
90.469
174.740
15.409
292.348
37.532
131.441
45.172
21.086
16.046
47.323
73.719
4.953
2.252
42.873
27.786
90.254
94.875
532.478
254.431
144.458
62.851
91.842
39.237
15.883
106.430
28.359
92.359
42.766
13.653
447.290
154.600
201.872
163.930
36.880
49.667
28.157
145.301
59.754
6.087
3.686
45.692
0.709
41.166
32.723
118.729
97.210
123.188
106.048
3.671
100.221
131.441
101.716
30.219
23.411
38.634
53.387
40.515
13.961
70.214
66.117
40.002
16.046
39.482
82.447
53.033
156.575
139.776
24.320
46.336
23.375
284.534
43.294
106.161
9.114
62.277
114.096
24.670
32.747
26.826
28.997
65.451
34.006
1.262
58.992
1.850
89.496
51.506
3.464
38.892
100.329
14.779
116.984
10.092
27.442
91.667
8.890
90.051
226.448
142.199
83.179
92.275
33.216
16.430
96.632
1.399
65.335
146.967
53.809
243.154
3.585
1.383
67.646
7.378
10.098
59.408
231.009
128.709
100.217
48.140
38.314
34.495
33.818
26.347
75.474
44.073
161.859
72.764
86.015
38.322
136.791
13.234
62.916
63.060
128.995
130.660
130.661
56.324
258.644
61.651
114.207
41.198
63.158
38.308
9.549
0.876
249.126
380.671
21.487
94.291
15.360
88.753
6.321
64.743
34.755
16.132
63.493
43.570
140.101
55.399
149.566
11.189
26.384
14.667
52.235
165.196
43.287
39.337
17.157
113.068
214.750
20.928
85.763
23.369
68.699
200.173
31.975
18.049
94.231
99.065
9.101
125.705
7.240
168.423
5.804
27.507
145.311
8.419
22.954
126.046
75.314
162.792
19.569
62.191
153.815
18.470
20.865
2.252
4.824
122.143
24.948
415.675
8.601
42.550
16.268
44.133
24.891
67.266
77.352
118.061
85.436
98.019
18.834
6.329
5.804
100.653
6.788
187.253
100.695
26.017
6.298
38.307
19.102
14.337
247.471
86.258
319.962
25.018
92.987
69.210
172.268
3.226
2.169
58.768
109.904
95.938
66.976
24.534
215.274
37.233
93.743
2.661
96.504
82.734
180.639
156.941
39.243
16.132
5.073
75.121
31.495
95.183
20.519
202.216
1.156
70.285
176.866
32.185
179.460
23.883
1.657
0.112
103.867
48.747
3.191
19.102
184.342
36.239
3.539
42.878
82.246
15.578
68.699
2.085
161.356
11.957
52.019
38.188
29.160
106.188
2.576
140.897
22.939
289.038
21.765
17.374
32.184
2.661
35.872
17.123
2.861
19.835
208.963
27.045
118.729
218.176
74.800
68.612
49.130
78.550
37.702
7.658
11.574
169.163
7.368
150.089
101.716
6.788
115.053
107.822
66.976
1.160
36.546
106.912
58.718
5.076
29.094
323.463
14.764
30.773
55.382
192.487
84.883
3.467
43.505
21.792
229.841
56.222
74.714
142.873
9.865
126.250
163.400
32.235
53.758
22.782
73.034
134.821
24.948
28.954
31.045
7.245
125.870
179.590
96.509
16.330
0.862
100.508
41.860
48.689
180.394
156.575
97.205
729.135
185.823
415.675
42.172
134.680
15.028
80.884
113.849
156.668
2.984
105.562
74.644
58.408
12.975
146.640
10.126
22.782
105.313
82.467
79.390
42.627
31.230
169.669
260.398
4.586
62.628
26.952
33.038
38.188
91.686
188.964
222.757
97.727
63.337
68.699
154.055
111.010
102.086
105.313
30.773
50.337
99.615
80.215
108.268
74.800
80.083
24.151
6.051
1.850
108.974
70.919
85.981
80.234
126.498
69.972
75.817
121.197
39.337
1.742
106.027
6.756
2.443
6.051
23.904
246.980
78.125
28.667
47.300
321.297
81.659
95.938
51.512
31.230
199.367
66.298
0.454
199.189
217.363
41.244
207.138
6.242
103.298
15.404
45.032
131.588
260.398
0.301
21.460
236.915
24.064
47.300
150.366
43.131
97.702
81.917
105.982
34.495
89.633
205.862
7.168
8.162
98.938
22.208
53.517
151.221
173.446
136.466
139.782
1.652
20.519
194.635
44.632
24.129
34.958
0.370
40.581
62.277
153.552
165.937
79.715
58.388
42.779
122.745
31.537
17.248
119.990
308.261
50.274
73.856
81.854
110.002
148.644
10.228
57.249
86.834
130.660
96.509
34.870
21.196
44.073
3.288
62.967
142.957
10.761
52.235
141.826
31.286
196.639
13.318
30.606
104.914
71.143
0.561
50.747
258.557
4.597
30.740
7.212
29.230
95.519
50.108
10.240
162.070
0.709
91.721
7.447
79.974
78.593
215.938
60.293
170.488
32.151
67.011
258.868
179.590
42.362
21.086
72.826
1.755
83.413
160.318
33.391
103.735
35.753
46.467
17.670
6.243
79.288
27.976
39.302
7.288
101.345
10.197
24.253
133.108
11.274
101.324
58.808
16.116
78.164
26.384
86.672
15.680
52.972
108.974
102.100
66.125
126.278
43.801
26.428
79.188
23.498
158.352
101.493
55.867
62.191
54.116
18.470
13.975
6.230
2.624
20.016
36.528
43.116
23.554
109.858
92.250
37.809
78.193
42.099
214.900
47.446
43.354
21.986
24.030
9.045
20.478
31.422
40.547
128.984
6.996
120.544
142.651
17.015
49.130
117.212
99.941
126.519
52.222
152.079
24.243
31.769
32.939
24.320
2.677
26.069
24.375
83.141
22.007
70.231
119.140
18.470
38.018
35.535
15.200
4.594
433.480
66.976
144.717
203.010
461.753
85.902
231.675
139.138
19.993
88.509
442.165
29.402
87.858
141.256
0.275
54.729
253.553
100.508
153.961
127.398
101.700
75.432
61.560
0.320
23.447
19.747
4.321
10.529
6.262
30.576
181.093
233.227
15.305
65.564
13.955
213.048
99.838
136.828
192.682
138.538
17.334
124.705
10.092
122.970
76.968
10.876
15.360
155.560
3.910
56.222
0.862
92.359
55.382
25.716
12.784
2.064
13.565
24.611
139.068
44.073
178.691
19.833
17.534
44.938
95.291
81.854
59.698
73.814
350.681
63.222
150.750
52.885
10.725
19.102
77.829
9.162
33.931
4.397
103.867
207.199
16.721
33.597
46.757
70.265
27.967
71.810
19.835
79.686
139.924
60.794
8.501
34.006
7.048
42.441
73.888
332.005
85.756
81.400
100.329
23.463
31.576
203.345
154.401
258.644
154.261
78.234
347.341
95.519
12.723
53.004
31.422
150.366
13.619
40.547
45.032
61.482
105.315
92.668
57.531
153.552
141.435
172.268
55.382
28.166
40.626
46.048
79.208
138.640
43.138
175.682
101.926
102.601
8.953
132.179
51.653
3.484
123.105
45.692
21.376
23.964
148.730
103.716
24.320
51.040
164.649
136.494
54.760
12.840
6.157
43.342
78.708
40.103
75.432
65.284
5.149
81.755
270.629
13.917
74.644
88.753
17.690
142.573
123.432
56.674
35.460
23.463
116.114
68.699
11.984
272.196
157.186
0.664
56.147
23.447
30.654
242.360
115.811
38.779
6.520
186.061
1.156
19.719
28.268
1.657
132.005
47.589
50.242
220.390
11.957
33.038
311.238
15.877
24.891
7.565
28.166
92.604
106.381
44.938
37.159
91.568
116.649
117.593
108.631
6.980
51.348
78.479
62.623
30.749
3.052
75.358
0.492
13.388
155.006
247.426
75.701
157.186
47.446
11.780
113.510
44.938
17.015
62.623
47.446
134.680
442.165
28.422
103.653
58.684
120.544
260.398
22.470
47.745
39.897
60.077
58.580
22.470
22.954
25.041
198.054
8.310
52.545
91.850
56.827
142.360
52.545
60.704
8.380
59.895
63.342
37.243
207.138
46.171
81.155
2.686
60.045
7.048
26.532
27.703
291.915
24.113
119.996
21.312
142.360
23.582
48.235
207.098
17.319
121.447
13.861
24.113
92.944
104.155
107.552
156.799
117.235
36.239
2.984
187.417
54.158
118.245
28.431
102.130
13.037
113.540
91.389
13.232
53.792
46.781
26.952
70.826
165.281
130.660
185.182
32.527
170.239
62.851
53.136
19.747
48.761
55.399
151.431
57.748
49.477
42.218
187.417
45.691
5.233
207.330
71.810
38.027
109.284
21.701
77.190
74.565
36.239
56.125
102.034
13.975
179.749
85.248
275.918
9.242
1.744
60.419
141.382
76.777
7.220
75.289
61.888
2.686
70.130
78.597
201.862
13.955
130.038
0.318
86.476
116.649
12.093
17.695
220.390
28.333
15.628
47.047
88.494
7.565
21.010
18.056
23.411
86.476
200.024
207.199
35.245
178.110
5.729
154.600
15.172
4.749
155.982
1.576
56.250
17.374
86.287
62.455
83.449
19.738
51.040
67.266
150.498
138.203
18.995
180.140
91.721
1.652
1.160
230.900
91.721
60.293
41.667
179.460
15.186
49.013
262.451
33.366
62.165
295.533
166.126
1.575
108.268
4.366
104.178
117.015
128.214
59.165
94.901
83.476
104.178
58.009
9.296
17.015
13.917
45.931
42.926
44.314
96.818
36.579
48.574
201.711
152.253
78.195
47.323
175.453
22.747
30.530
7.393
81.865
74.644
85.174
185.823
13.674
32.586
107.822
74.644
106.188
105.800
62.911
12.113
15.927
50.301
19.569
16.299
79.856
36.773
35.792
142.168
34.095
27.324
12.054
7.369
14.727
21.379
14.779
11.752
17.994
222.836
66.480
36.773
50.851
56.550
65.335
99.449
64.352
90.254
127.020
92.331
512.426
131.527
15.533
126.498
126.114
84.729
8.409
14.698
129.291
14.508
87.161
90.934
22.356
37.684
32.459
111.010
163.277
22.035
22.208
50.840
729.135
1.585
89.906
286.633
10.876
78.576
28.041
153.815
6.742
7.431
6.726
75.121
23.033
6.520
115.811
2.210
198.924
27.657
187.267
13.917
23.229
43.570
32.939
116.060
73.447
151.468
6.661
170.627
53.784
130.153
124.390
330.985
71.143
87.632
2.815
8.601
13.916
15.533
69.293
3.807
25.023
146.475
123.603
144.436
12.777
67.757
39.360
63.158
118.245
33.367
5.192
2.169
4.723
111.137
52.222
36.503
9.420
54.455
63.301
24.948
189.183
0.642
30.438
44.859
153.176
34.958
64.522
289.406
38.308
4.366
30.211
96.504
37.311
44.417
41.991
85.902
6.728
74.644
66.529
2.210
33.047
32.656
41.715
77.051
89.225
54.869
101.736
33.367
0.408
126.250
6.520
131.588
154.969
122.841
125.525
127.286
12.806
70.919
466.023
24.030
55.909
42.627
84.853
261.137
259.095
12.518
240.528
36.546
82.537
154.600
216.814
6.075
15.409
19.993
43.294
40.821
209.347
161.047
28.369
92.359
21.055
38.144
118.729
67.191
1.383
226.456
85.436
23.406
69.459
99.838
70.450
48.352
90.480
32.295
155.492
28.199
40.547
229.050
79.188
28.203
23.369
28.066
46.496
90.230
76.941
3.916
24.611
51.159
36.290
81.463
23.936
25.434
69.717
128.064
33.038
0.427
24.132
72.892
9.070
79.416
98.019
169.483
401.646
61.977
21.868
81.514
23.305
125.805
73.687
229.408
195.100
131.928
36.728
71.691
13.205
12.338
155.079
61.482
38.284
125.360
21.791
143.919
33.734
128.064
1.744
18.596
43.063
0.302
130.819
59.754
40.939
53.517
141.819
25.171
51.843
42.170
21.764
29.187
79.188
65.335
20.250
54.264
37.532
76.754
115.624
16.536
2.537
12.113
147.009
9.045
54.455
207.199
33.809
43.119
13.356
154.034
40.881
38.331
4.594
118.129
33.831
23.305
70.634
104.895
82.447
178.101
137.912
151.330
134.421
12.169
156.953
8.022
58.388
264.152
180.362
105.800
128.214
3.420
92.906
21.312
40.900
7.493
187.817
64.926
4.147
228.841
210.151
169.569
99.941
63.299
134.680
5.729
7.125
340.152
302.703
66.421
227.513
169.569
133.769
13.674
5.631
34.006
24.580
2.757
83.701
58.580
99.503
163.607
44.722
52.857
320.396
88.726
8.404
22.529
77.666
0.568
88.566
24.845
6.706
244.349
9.210
4.156
45.692
53.809
235.542
136.494
3.992
34.471
23.447
108.268
14.282
71.978
41.084
17.248
24.366
61.323
66.976
46.773
13.975
110.602
179.168
132.179
4.953
377.988
289.038
4.484
52.179
10.730
91.737
152.129
52.092
54.745
32.747
62.878
188.402
26.826
101.773
110.186
73.034
1.449
150.392
39.523
48.266
113.849
104.895
43.331
134.607
79.662
36.132
301.214
24.294
75.604
15.172
6.777
144.757
88.358
31.537
81.664
1.223
512.426
1.928
373.639
150.769
24.246
75.739
8.572
150.934
27.967
117.660
271.161
226.456
373.639
76.934
188.964
105.313
14.706
50.913
164.113
59.165
16.280
124.159
63.493
69.379
400.881
88.509
197.595
44.997
64.175
32.764
46.171
91.389
141.819
26.384
75.295
127.882
98.740
222.757
53.033
76.754
64.570
197.957
77.994
154.261
36.895
2.136
7.497
6.350
148.819
96.998
139.138
16.116
63.917
11.369
80.876
1.933
65.230
293.026
13.913
82.234
88.303
217.538
135.613
38.690
78.576
47.301
22.994
25.268
44.219
27.534
169.241
82.412
15.540
263.824
9.147
28.997
8.465
22.027
13.356
25.171
13.513
32.723
8.243
50.023
78.635
42.099
56.324
65.639
150.510
56.475
155.945
12.969
196.093
82.982
257.835
152.664
100.695
104.124
374.877
353.401
373.639
42.706
125.969
80.445
7.129
66.544
57.648
48.235
159.012
41.015
9.177
203.962
193.663
243.154
12.747
180.394
47.564
295.533
145.431
401.646
14.423
32.412
28.333
14.481
166.126
53.033
15.192
36.189
20.850
96.748
56.596
30.906
4.441
76.527
24.705
3.822
27.786
100.329
3.686
40.547
81.024
50.747
24.145
81.763
15.028
38.284
149.382
73.447
193.105
33.475
36.522
42.627
12.150
358.516
169.569
43.331
26.717
78.522
142.573
86.222
85.487
79.837
179.243
65.564
63.493
13.512
38.037
83.413
207.330
59.325
7.497
161.487
23.332
114.207
58.408
2.624
56.298
10.222
27.755
31.045
107.152
55.118
258.644
7.369
145.462
130.541
131.928
30.430
1.618
95.141
340.152
108.664
49.667
139.918
64.570
127.398
121.442
50.332
191.190
41.014
115.701
29.271
31.676
101.345
21.196
32.184
1.974
19.569
58.718
130.661
58.941
95.293
118.318
127.638
6.321
30.441
152.664
21.206
52.936
77.358
91.231
240.528
271.161
29.656
94.163
117.053
116.997
161.921
135.777
64.683
15.980
60.123
63.885
83.691
13.961
8.409
149.036
26.407
132.406
126.422
7.447
47.634
115.102
60.300
187.096
24.294
16.306
29.399
46.526
128.214
7.212
13.162
77.137
148.819
48.266
41.291
115.225
241.634
201.862
12.338
96.688
414.874
28.369
377.988
133.769
44.284
11.189
50.583
224.517
122.841
5.076
98.938
95.518
81.763
21.764
17.870
42.507
62.191
26.717
141.382
321.297
72.621
59.319
68.346
195.657
24.412
35.241
33.337
19.461
17.994
17.695
65.530
21.216
61.357
139.641
345.096
45.249
62.028
11.262
66.102
151.913
11.780
162.975
44.316
74.565
35.904
323.463
59.124
123.603
89.225
51.506
157.663
49.444
45.078
171.442
56.426
71.143
45.400
57.565
4.576
17.822
88.343
45.280
69.320
19.993
10.788
22.392
23.506
107.587
8.551
9.248
24.375
94.517
11.262
44.314
11.919
105.313
302.703
97.905
0.642
146.716
24.611
141.256
74.353
39.771
79.525
127.589
31.589
3.466
78.193
169.152
150.769
45.639
34.938
161.277
55.266
44.019
10.683
58.580
37.532
66.793
24.113
36.880
72.575
18.297
34.229
22.208
55.260
17.037
14.324
31.870
16.046
44.133
86.435
21.245
109.201
38.307
76.941
51.506
249.614
163.930
2.699
122.668
150.392
250.111
18.995
22.035
48.940
61.482
0.575
188.861
91.686
15.540
153.815
15.680
116.984
70.996
42.507
5.409
90.480
38.184
29.230
1.655
2.819
19.495
16.306
66.125
61.730
7.040
3.523
9.549
400.881
225.324
22.939
17.852
77.076
52.742
94.298
60.808
149.382
115.701
43.317
76.077
62.696
24.534
54.546
6.298
48.747
7.055
166.558
21.701
119.175
34.471
59.059
44.689
35.870
24.190
31.015
95.580
18.667
56.298
142.982
22.939
358.306
171.485
41.715
1.928
4.576
36.599
24.580
59.319
21.312
4.723
198.678
5.084
91.714
117.015
150.743
139.924
194.630
43.287
214.201
63.222
57.662
128.984
71.669
126.498
9.192
66.117
23.967
13.861
62.165
320.396
23.759
50.023
86.672
53.136
92.331
199.506
21.306
4.459
9.114
49.657
50.913
138.203
25.864
1.354
23.994
148.730
10.098
1.677
57.531
33.476
38.072
18.895
120.544
107.423
157.868
19.833
65.744
147.009
22.035
42.706
16.536
30.697
35.870
166.558
133.769
8.243
44.569
187.417
126.519
17.807
36.540
130.819
188.226
69.293
4.749
2.136
153.815
128.327
127.020
143.471
358.306
7.212
211.244
125.188
53.004
22.093
134.752
92.751
35.245
52.243
122.337
34.585
0.540
68.049
139.776
22.333
28.724
20.942
107.032
188.861
83.643
70.634
33.651
207.098
76.077
141.826
32.151
138.595
37.333
0.112
102.130
91.568
10.103
249.820
10.240
107.913
82.537
11.189
119.762
62.028
78.820
161.356
180.300
45.109
123.596
83.059
209.634
12.732
20.817
43.131
41.078
0.454
249.453
17.499
125.360
229.050
326.492
32.939
56.408
61.730
156.799
169.152
108.945
57.748
99.328
46.526
71.977
118.176
134.680
22.068
19.569
184.232
96.712
1.259
125.188
19.062
164.707
284.238
10.126
24.845
7.094
42.513
141.611
80.234
62.028
9.420
18.596
29.559
30.653
45.931
68.487
16.960
106.931
99.838
85.545
211.388
17.658
74.173
56.040
9.146
171.268
36.880
95.141
172.782
16.299
34.925
53.004
6.170
23.411
81.659
48.352
21.190
11.492
27.949
126.278
8.003
20.105
13.735
197.738
0.404
15.200
54.116
275.918
64.683
31.734
129.519
17.939
47.300
126.835
45.172
65.843
95.621
29.062
74.090
29.634
281.548
279.739
69.210
60.302
31.769
23.116
42.172
22.072
19.835
95.519
12.194
7.125
14.282
144.134
236.915
240.528
55.260
145.446
50.301
46.089
188.402
63.135
55.382
153.552
37.702
38.217
31.340
10.201
33.367
38.694
23.498
59.560
2.325
53.110
30.441
187.267
53.243
13.037
97.022
98.740
34.275
125.870
0.112
0.535
54.528
99.449
71.480
116.431
93.672
44.045
90.481
85.763
50.716
64.352
140.700
226.456
14.079
43.435
42.721
87.858
9.192
358.516
6.706
68.703
26.384
32.321
18.725
7.368
16.334
13.704
43.063
1.652
199.367
13.704
150.743
101.926
220.376
88.260
72.892
81.155
218.679
729.135
36.030
60.704
58.330
41.108
199.141
51.718
187.096
100.185
12.447
147.203
103.711
106.381
23.506
28.763
3.539
373.639
79.258
105.078
140.101
165.281
729.135
73.719
9.629
30.906
53.531
13.037
25.018
18.302
20.803
177.270
207.969
139.637
330.985
48.266
80.118
131.233
6.870
41.198
30.447
226.448
66.421
196.212
188.964
2.930
94.163
2.433
13.704
144.717
86.770
72.725
19.495
17.852
33.974
10.110
22.113
70.919
8.221
57.428
0.126
77.290
205.748
38.036
43.942
86.689
12.430
15.360
31.253
132.890
49.857
45.249
156.941
10.514
21.206
23.463
54.257
40.881
82.467
88.726
90.795
1.795
73.576
199.506
5.264
0.540
44.569
169.241
167.702
180.582
38.331
7.125
7.658
19.194
59.298
226.456
126.278
10.567
79.520
179.590
4.041
85.174
41.251
172.268
36.059
135.535
202.216
34.259
73.957
31.495
55.118
134.421
83.157
237.673
68.699
12.272
95.731
126.835
50.747
99.838
210.660
139.637
111.010
7.240
3.964
137.967
86.672
31.230
252.227
6.696
21.701
13.688
75.791
7.580
36.798
81.763
20.574
23.542
75.012
12.529
28.724
14.337
214.750
27.755
187.915
117.192
180.639
33.974
96.008
65.444
9.718
13.688
44.632
57.616
79.258
93.362
89.608
1.903
35.046
27.069
75.121
217.032
82.234
0.370
14.324
117.053
41.015
5.030
3.344
88.753
70.130
244.349
79.662
17.715
74.217
161.277
16.334
39.387
156.799
78.630
39.632
36.207
46.879
211.432
74.642
124.906
32.295
11.957
34.426
39.237
1.449
88.303
136.947
140.433
130.661
50.583
111.137
0.362
47.551
84.714
203.010
101.345
7.431
38.144
55.553
37.159
13.416
118.217
95.183
93.089
31.985
189.381
137.967
77.358
84.595
235.542
21.752
34.229
40.797
51.330
46.156
102.086
185.667
0.258
5.697
31.734
56.298
13.955
93.290
61.115
29.250
94.298
143.167
24.320
13.700
22.093
171.210
109.201
53.655
14.837
5.030
0.709
33.923
26.951
178.110
89.963
32.151
199.425
13.272
57.385
134.752
48.181
217.538
67.838
9.373
54.640
25.532
2.815
25.171
95.938
241.417
161.859
82.992
47.632
166.465
179.418
45.109
58.007
131.527
116.337
65.767
15.600
95.519
35.792
79.520
4.949
44.314
102.418
8.310
35.046
200.024
24.412
8.961
74.642
187.096
9.854
34.356
56.674
151.153
13.688
68.658
10.201
101.549
8.501
59.689
7.493
4.955
56.475
135.913
42.692
8.465
47.047
172.316
56.125
155.945
174.237
13.275
32.756
27.069
27.572
69.957
51.491
1.156
39.452
179.418
7.188
17.807
58.408
2.144
43.505
196.100
26.872
24.115
373.639
36.895
26.532
59.895
83.141
58.408
119.206
23.681
99.065
8.986
58.408
26.327
147.242
124.391
354.477
89.411
24.115
15.172
124.390
12.658
98.895
74.497
13.562
101.345
34.080
0.694
10.092
23.779
3.916
63.135
42.324
275.918
86.448
8.757
111.686
52.171
110.849
204.639
241.417
38.197
9.865
88.303
93.994
51.952
25.552
32.117
60.730
97.002
1.657
39.243
35.896
55.266
15.980
125.705
110.962
92.668
21.290
21.306
111.686
10.761
81.463
28.025
108.664
150.743
244.320
117.249
27.976
4.749
91.927
26.043
5.149
23.759
222.737
80.445
56.125
258.178
279.739
23.712
77.352
7.497
132.858
18.895
52.171
95.069
53.170
45.759
9.980
18.056
23.463
5.729
113.068
267.082
82.234
157.586
3.546
131.711
34.680
103.267
127.286
32.085
0.275
15.540
2.866
43.505
23.229
105.361
85.174
101.800
41.316
48.689
53.136
7.129
22.149
22.564
19.366
10.110
10.514
2.144
55.488
25.373
13.234
296.658
35.535
24.098
100.547
84.164
75.012
532.478
66.816
125.997
29.684
113.068
54.781
34.356
54.869
21.594
25.109
218.782
43.464
150.510
21.701
70.285
35.457
94.163
11.984
148.261
80.025
24.190
7.455
5.888
7.211
38.779
36.615
132.005
20.574
16.919
30.258
153.192
58.910
141.435
28.702
398.167
32.624
78.593
45.692
33.482
173.200
275.457
83.691
53.792
21.055
91.231
9.025
50.274
9.192
196.639
285.993
21.656
62.623
150.874
30.606
11.888
84.883
96.008
170.965
37.382
145.372
12.532
19.835
65.530
124.221
4.430
13.668
81.034
90.481
192.682
29.865
31.870
96.998
75.791
78.708
26.867
202.935
