-4.72789114e+00
 -4.36793295e+00
 -3.53979125e+00
 -5.40357478e+00
 -2.62281403e+00
 -3.86256831e+00
 -4.62479006e+00
 -3.76575886e+00
 -5.54309914e+00
 -2.90065054e+00
 -4.71592572e+00
 -4.80619568e+00
 -2.81812987e+00
 -4.72381813e+00
 -4.86697437e+00
 -4.17517015e+00
 -4.47563078e+00
 -3.64577223e+00
 -5.41579746e+00
 -5.09337842e+00
 -3.61734560e+00
 -4.57564593e+00
 -3.57200725e+00
 -3.53044161e+00
 -4.02346592e+00
 -5.13730985e+00
 -6.04786300e+00
 -3.86002456e+00
 -3.37655740e+00
 -4.03282321e+00
 -4.36475197e+00
 -3.24194756e+00
